0   2.1e+08 -2.4e+08    4e+07   -4e+07  2e+07   -3e+07
1   1.8e+08 -4e+08  4e+07   -7e+07  2e+07   -4e+07
2   1.8e+08 -4.4e+08    3e+07   -8e+07  2e+07   -4e+07
3   1.7e+08 -5.2e+08    3e+07   -1e+08  2e+07   -5e+07
4   1.7e+08 -6.8e+08    3e+07   -1.2e+08    2e+07   -7e+07
5   1.7e+08 -8e+08  4e+07   -1.4e+08    2e+07   -7e+07
6   1.7e+08 -1.01e+09   3e+07   -1.8e+08    2e+07   -9e+07
7   1.7e+08 -1.39e+09   3e+07   -2.5e+08    2e+07   -1.2e+08
8   1.7e+08 -1.95e+09   3e+07   -3.5e+08    2e+07   -1.7e+08
9   1.7e+08 -2.52e+09   3e+07   -4.4e+08    2e+07   -2.2e+08
10  1.7e+08 -3.27e+09   4e+07   -5.8e+08    2e+07   -2.8e+08
11  1.7e+08 -4.4e+09    3e+07   -7.7e+08    2e+07   -3.8e+08
12  1.7e+08 -5.59e+09   3e+07   -9.8e+08    2e+07   -4.8e+08
13  1.7e+08 -7.16e+09   3e+07   -1.25e+09   2e+07   -6.2e+08
14  1.7e+08 -9.33e+09   3e+07   -1.63e+09   2e+07   -8e+08
15  1.7e+08 -1.196e+10  3e+07   -2.09e+09   2e+07   -1.03e+09
16  1.7e+08 -1.523e+10  3e+07   -2.66e+09   2e+07   -1.31e+09
17  1.7e+08 -1.964e+10  3e+07   -3.43e+09   2e+07   -1.68e+09
18  1.7e+08 -2.507e+10  3e+07   -4.38e+09   2e+07   -2.15e+09
19  1.8e+08 -3.213e+10  4e+07   -5.61e+09   2e+07   -4e+09
