6.171080049909253518e+00
6.450521760059700682e+00
6.139411192533344774e+00
6.209119207081259972e+00
5.895575593825737037e+00
5.625894893333005520e+00
6.053867046503802030e+00
5.854517757069053197e+00
5.233087337329359379e+00
5.888971633249799886e+00
5.616811191142318194e+00
5.233430972489916400e+00
5.765882421461366647e+00
5.236481475383286011e+00
5.488864847422375348e+00
5.206448487316247764e+00
4.718810221646357661e+00
4.633736133076277852e+00
4.916694958759443068e+00
4.761500677505039469e+00
4.994150467739387977e+00
4.525486218365887048e+00
4.905381720181344107e+00
4.627067881562211937e+00
4.421841408369005855e+00
4.553189063305172368e+00
3.959157303627576674e+00
4.567551243370852276e+00
4.233544563159439278e+00
4.151701220093539924e+00
4.086827519429058420e+00
3.944368202170727589e+00
4.151104776329059831e+00
3.934027933577147085e+00
3.774757454057148021e+00
3.655995783509278230e+00
2.837243105371154428e+00
3.807863260935348659e+00
3.642197961632297698e+00
3.588932994425656275e+00
3.608008942983328637e+00
3.519131867984949480e+00
3.533731240245747252e+00
3.354000610023571305e+00
3.075064756227440910e+00
3.321055836233100855e+00
3.255335134638797534e+00
3.293267269531504837e+00
3.144491179005609816e+00
3.266309010628675402e+00
3.146999956710575752e+00
2.966156777767761987e+00
3.130723452690468811e+00
2.977443779166998539e+00
2.908780683774646381e+00
2.494116587412738451e+00
2.992269848756248241e+00
2.957384606375314640e+00
3.011215443815470127e+00
2.852605593480265433e+00
3.028993787767352952e+00
2.773909683727996622e+00
2.988407438882556555e+00
2.777507597273004780e+00
3.071185536380550474e+00
2.942111287941026276e+00
3.094418848297153524e+00
3.044703729993954777e+00
3.117972484922877818e+00
3.305919680098162505e+00
2.936786703559706613e+00
2.826284693950241955e+00
3.183660818765495115e+00
3.097167725192759846e+00
3.245348978246829219e+00
3.161454156595545850e+00
3.623118556928703882e+00
3.314982228153870558e+00
3.547908119297234819e+00
3.566021469660819232e+00
3.441837750477341640e+00
3.824197220264543784e+00
3.887344615936457082e+00
3.828727251185457092e+00
4.001813981100049489e+00
3.808856217731486637e+00
4.054987234112410910e+00
4.034027042468687263e+00
4.149851700289818091e+00
4.139406242737296182e+00
4.252002773822572301e+00
